-0.0302	2.8101	0	0	-0.0302	2.8101	-0.0079	2.9498	-0.0628	0.998
-0.112416	3.04499	-0.210295	1.13802	-0.118348	3.02499	-0.0611	3.346	-0.1874	0.9823
-0.0464044	3.77617	0.18088	1.71222	-0.0438	3.8155	-0.1635	3.7324	-0.309	0.9511
-0.173829	4.23105	-0.348683	1.00557	-0.177745	4.18923	-0.3136	4.1029	-0.4258	0.9048
-0.472018	4.55332	-0.791537	0.778503	-0.4894	4.538	-0.5089	4.4517	-0.5358	0.8443
-0.586573	4.8446	-0.335619	1.22491	-0.533188	4.56376	-0.7464	4.7732	-0.6374	0.7705
-1.20037	4.8307	-1.60167	-0.179925	-1.2428	4.7444	-1.0223	5.0624	-0.729	0.6845
-1.50669	5.1949	-0.604555	0.72392	-1.49656	5.44124	-1.3323	5.3148	-0.809	0.5878
-1.72065	5.43786	-0.522787	0.592414	-1.7158	5.4288	-1.6715	5.5264	-0.8763	0.4818
-2.15542	5.47934	-1.08915	-0.0392778	-2.19091	5.47414	-2.0345	5.6937	-0.9298	0.3681
-2.40013	5.82788	-0.648565	0.958462	-2.3928	5.8869	-2.4157	5.8143	-0.9686	0.2487
-2.74946	5.78942	-0.820599	-0.332836	-2.75487	5.73073	-2.8089	5.8861	-0.9921	0.1253
-3.20469	5.80339	-1.15804	0.0950699	-3.223	5.8339	-3.208	5.908	-1	0
-3.67235	5.90583	-1.00306	0.00444867	-3.76651	6.06137	-3.6068	5.8798	-0.9921	-0.1253
-3.95976	5.97603	-0.732897	0.161891	-3.9505	5.9807	-3.9988	5.8018	-0.9686	-0.2487
-4.58987	5.80142	-1.49991	-0.677229	-4.73052	5.83067	-4.378	5.6753	-0.9298	-0.3681
-4.91543	5.65257	-0.850597	-0.426192	-4.8911	5.6555	-4.7384	5.5023	-0.8763	-0.4817
-4.99213	5.46691	-0.421538	-0.177203	-4.77289	5.28417	-5.0742	5.2854	-0.809	-0.5878
-5.41815	4.87602	-0.92667	-1.42091	-5.421	4.824	-5.3802	5.0282	-0.729	-0.6845
-5.35056	4.62148	0.0619644	-0.435681	-5.13504	4.55943	-5.6515	4.7347	-0.6374	-0.7705
-5.89973	4.19225	-1.42777	-0.937185	-5.975	4.1949	-5.884	4.4095	-0.5358	-0.8443
-6.10763	4.04107	-0.268124	-0.443306	-6.08995	4.11021	-6.0738	4.0577	-0.4258	-0.9048
-6.44343	3.89081	-0.901023	-0.333947	-6.4823	3.9046	-6.218	3.6848	-0.309	-0.9511
-6.75276	3.38809	-0.820832	-1.29545	-6.66726	3.28001	-6.3144	3.2969	-0.1874	-0.9823
-6.58977	2.919	0.503797	-1.29214	-6.5116	2.8993	-6.3614	2.8999	-0.0628	-0.998
-6.36905	2.56224	0.354452	-0.786473	-6.26671	2.55542	-6.3582	2.5002	0.0628	-0.998
-6.46599	2.15135	-0.301466	-0.990136	-6.5054	2.1508	-6.305	2.104	0.1874	-0.9823
-6.38382	1.84582	0.294069	-0.760428	-6.33923	1.85443	-6.2026	1.7176	0.309	-0.9511
-6.08626	1.56362	0.800385	-0.720687	-6.0536	1.5611	-6.0525	1.3471	0.4258	-0.9048
-5.82509	0.956485	0.614963	-1.57124	-5.8048	0.908759	-5.8572	0.9983	0.5358	-0.8443
-5.47375	0.721506	0.88965	-0.587823	-5.4618	0.7559	-5.6197	0.6768	0.6374	-0.7705
-5.47836	0.737127	0.194696	0.0594399	-5.75301	0.815376	-5.3438	0.3876	0.729	-0.6846
-4.92894	0.204758	1.53746	-1.40583	-4.8359	0.1463	-5.0338	0.1352	0.809	-0.5878
-4.57926	-0.155161	1.10834	-0.839705	-4.81471	-0.134812	-4.6946	-0.0764	0.8763	-0.4818
-4.37413	-0.188023	0.446568	-0.00280483	-4.4152	-0.1566	-4.3316	-0.2437	0.9298	-0.3681
-3.96287	-0.437913	0.936574	-0.671714	-3.80058	-0.424347	-3.9504	-0.3642	0.9686	-0.2487
-3.66432	-0.339393	0.720293	0.371706	-3.6775	-0.2978	-3.5572	-0.4361	0.9921	-0.1254
-3.29418	-0.408238	1.27864	-0.188782	-3.43245	-0.430931	-3.158	-0.458	1	0
-2.75971	-0.468147	1.34375	-0.142153	-2.7553	-0.4661	-2.7593	-0.4298	0.9921	0.1253
-2.2583	-0.370707	1.36827	0.296805	-2.31539	-0.37649	-2.3672	-0.3518	0.9686	0.2487
-2.11669	-0.20084	0.205098	0.497345	-2.192	-0.1977	-1.988	-0.2253	0.9298	0.3681
-1.95442	-0.140436	0.512728	0.131002	-1.96535	-0.13818	-1.6277	-0.0523	0.8763	0.4817
-1.24691	0.198473	1.93532	1.07719	-1.1519	0.2408	-1.2919	0.1646	0.809	0.5878
-1.03455	0.654792	0.121032	1.55939	-0.953349	0.371846	-0.9859	0.4218	0.729	0.6845
-0.586578	0.856374	1.27147	0.381232	-0.514	0.775	-0.7145	0.7153	0.6374	0.7705
-0.451083	1.07392	0.255374	0.911112	-0.409317	0.864495	-0.4821	1.0406	0.5359	0.8443
-0.319276	1.30046	0.348199	0.521014	-0.3145	1.2743	-0.2923	1.3923	0.4258	0.9048
-0.102994	1.71652	0.528342	1.25952	-0.0877536	1.69573	-0.1481	1.7652	0.309	0.951
0.0504728	2.2289	0.33079	1.27967	0.0413	2.2307	-0.0517	2.1531	0.1874	0.9823
-0.106033	2.4418	-0.388716	1.07277	-0.0691693	1.9981	-0.0047	2.5501	0.0628	0.998
0.115888	3.09216	0.809531	1.69562	0.1695	3.1358	0.0016	2.95	0.0314	0.9995
0.0298022	3.37606	-0.266297	0.732411	0.0467445	3.13775	0.0423	3.3476	0.1565	0.9877
-0.117724	3.86069	-0.383297	1.27563	-0.1208	3.8964	0.1326	3.737	0.279	0.9603
0.45209	4.0621	1.53475	0.532127	0.427255	3.81958	0.2709	4.1121	0.3972	0.9177
0.593294	4.37718	0.206625	0.827921	0.5399	4.3995	0.4552	4.4668	0.5091	0.8607
0.65594	4.69277	0.0997896	0.425046	0.679506	4.87134	0.6825	4.7956	0.6129	0.7901
1.04689	5.05908	1.0613	0.989105	1.0869	5.1004	0.9492	5.0934	0.7071	0.7071
1.52305	5.12212	1.31267	0.514938	1.43074	4.79281	1.2511	5.3554	0.7902	0.6129
1.78953	5.60093	0.673423	1.25732	1.7709	5.6435	1.5835	5.5775	0.8608	0.509
1.84915	5.75351	0.253932	0.738448	1.72374	5.39239	1.9411	5.7562	0.9178	0.3971
2.48744	5.92175	1.56121	0.453951	2.5338	5.9169	2.3182	5.8886	0.9603	0.279
2.85091	6.06193	0.842908	0.308198	2.80226	6.03681	2.709	5.9727	0.9877	0.1564
2.97246	5.91739	0.24156	-0.459425	2.937	5.8634	3.1073	6.0072	0.9995	0.0314
3.47721	5.80748	1.31833	-0.297356	3.5951	5.86644	3.5067	5.9915	0.9956	-0.0941
3.94879	5.78199	1.1961	-0.0523992	3.9471	5.7948	3.901	5.9259	0.9759	-0.2182
4.11435	5.86329	0.119655	-0.0833069	4.1545	6.01698	4.284	5.8114	0.9409	-0.3388
4.62888	5.59519	1.23833	-0.576238	4.6719	5.5881	4.6496	5.6497	0.891	-0.454
5.19971	5.10353	1.48754	-1.23028	5.16587	5.00918	4.9921	5.4436	0.8271	-0.5621
5.42271	5.1038	0.667675	-0.0830574	5.402	5.1455	5.306	5.1961	0.7501	-0.6613
5.38737	5.00107	0.201858	0.0388677	5.11561	4.78867	5.5864	4.9112	0.6613	-0.7501
5.92655	4.4544	1.22894	-1.23686	5.9571	4.4131	5.8289	4.5934	0.5621	-0.8271
6.09806	4.23979	0.384651	-0.472646	5.99383	4.26729	6.0297	4.2478	0.454	-0.891
6.06716	4.11936	-0.10391	-0.347115	6.0405	4.1169	6.1856	3.8797	0.3387	-0.9409
6.45732	3.50673	1.15999	-1.55336	6.47528	3.35712	6.2941	3.4949	0.2181	-0.9759
6.39054	3.11909	-0.207765	-1.10433	6.3203	3.1164	6.3535	3.0996	0.0941	-0.9956
6.43861	2.69	-0.0973112	-1.17196	6.61169	2.74951	6.3629	2.7	-0.0314	-0.9995
6.2684	2.2725	-0.455462	-1.06625	6.2473	2.2723	6.3222	2.3024	-0.1564	-0.9877
6.10015	1.80854	-0.199612	-1.10117	5.98975	1.77177	6.2319	1.9129	-0.279	-0.9603
5.91861	1.56637	-0.467339	-0.623327	5.9053	1.5816	6.0936	1.5379	-0.3972	-0.9177
5.53506	0.965301	-1.01312	-1.57143	5.43874	0.922962	5.9093	1.1832	-0.5091	-0.8607
5.45582	0.870756	-0.0572073	-0.211993	5.5272	0.9272	5.682	0.8543	-0.6129	-0.7901
5.46235	0.573046	-0.807004	-0.901015	5.88823	0.58782	5.4153	0.5566	-0.7071	-0.7071
5.37501	0.278839	-0.137109	-0.723942	5.4202	0.2882	5.1134	0.2946	-0.7902	-0.6129
5.12199	0.122566	-0.908895	-0.366023	5.16682	0.131782	4.781	0.0725	-0.8607	-0.509
4.54817	0.0516389	-1.50714	-0.160662	4.508	0.0596	4.4234	-0.1062	-0.9178	-0.3971
3.98168	-0.193903	-1.08337	-0.646526	3.82364	-0.198626	4.0463	-0.2386	-0.9603	-0.279
3.36766	-0.430806	-1.59641	-0.582198	3.3333	-0.4281	3.6555	-0.3228	-0.9877	-0.1564
3.18427	-0.419249	-0.716578	0.153434	3.49719	-0.394748	3.2572	-0.3573	-0.9995	-0.0314
3.01405	-0.396577	-0.388054	0.0353832	3.0362	-0.4038	2.8578	-0.3416	-0.9956	0.0941
2.79608	-0.318916	-1.05425	0.269598	3.02485	-0.344496	2.4635	-0.2759	-0.9759	0.2181
2.16873	-0.192219	-1.6385	0.320466	2.1297	-0.1882	2.0805	-0.1614	-0.9409	0.3387
1.87273	0.00159755	-0.734004	0.49539	2.03846	0.0236472	1.7149	0.0002	-0.891	0.454
1.46543	0.228576	-1.05612	0.590604	1.4438	0.2332	1.3724	0.2064	-0.8271	0.5621
0.92842	0.441909	-1.18504	0.611219	0.798873	0.377559	1.0585	0.4539	-0.7501	0.6613
0.722034	0.576651	-0.375068	0.177106	0.7699	0.5613	0.7781	0.7388	-0.6613	0.7501
0.480886	0.931206	-0.390356	1.18144	0.375418	0.826426	0.5356	1.0565	-0.5621	0.8271
0.187234	1.10653	-0.730672	0.291613	0.1595	1.0513	0.3348	1.4022	-0.454	0.891
0.0993782	1.6009	-0.176601	1.28227	0.186642	1.72795	0.1789	1.7703	-0.3387	0.9409
0.188475	2.27335	0.385372	1.74143	0.2137	2.3029	0.0704	2.155	-0.2181	0.9759
-0.000580568	2.67873	-0.448549	1.55167	0.0171334	2.22613	0.011	2.5503	-0.0941	0.9956
