L	-0.0302	2.8101	1477010443250000	-0.0079	2.9498	-0.0628	0.9980
R	3.0273	1.6099	1.1478	1477010443650000	-0.0611	3.3460	-0.1874	0.9823
L	-0.0438	3.8155	1477010444050000	-0.1635	3.7324	-0.3090	0.9511
R	4.1930	1.6132	0.9799	1477010444450000	-0.3136	4.1029	-0.4258	0.9048
L	-0.4894	4.5380	1477010444850000	-0.5089	4.4517	-0.5358	0.8443
R	4.5948	1.6871	1.3337	1477010445250000	-0.7464	4.7732	-0.6374	0.7705
L	-1.2428	4.7444	1477010445650000	-1.0223	5.0624	-0.7290	0.6845
R	5.6433	1.8392	0.6952	1477010446050000	-1.3323	5.3148	-0.8090	0.5878
L	-1.7158	5.4288	1477010446450000	-1.6715	5.5264	-0.8763	0.4818
R	5.8963	1.9515	0.3059	1477010446850000	-2.0345	5.6937	-0.9298	0.3681
L	-2.3928	5.8869	1477010447250000	-2.4157	5.8143	-0.9686	0.2487
R	6.3585	2.0189	-0.0081	1477010447650000	-2.8089	5.8861	-0.9921	0.1253
L	-3.2230	5.8339	1477010448050000	-3.2080	5.9080	-1.0000	0.0000
R	7.1363	2.1268	0.4734	1477010448450000	-3.6068	5.8798	-0.9921	-0.1253
L	-3.9505	5.9807	1477010448850000	-3.9988	5.8018	-0.9686	-0.2487
R	7.5083	2.2524	0.2923	1477010449250000	-4.3780	5.6753	-0.9298	-0.3681
L	-4.8911	5.6555	1477010449650000	-4.7384	5.5023	-0.8763	-0.4817
R	7.1206	2.3054	0.2191	1477010450050000	-5.0742	5.2854	-0.8090	-0.5878
L	-5.4210	4.8240	1477010450450000	-5.3802	5.0282	-0.7290	-0.6845
R	6.8671	2.4155	-0.3853	1477010450850000	-5.6515	4.7347	-0.6374	-0.7705
L	-5.9750	4.1949	1477010451250000	-5.8840	4.4095	-0.5358	-0.8443
R	7.3472	2.5479	-0.1124	1477010451650000	-6.0738	4.0577	-0.4258	-0.9048
L	-6.4823	3.9046	1477010452050000	-6.2180	3.6848	-0.3090	-0.9511
R	7.4304	2.6844	0.1327	1477010452450000	-6.3144	3.2969	-0.1874	-0.9823
L	-6.5116	2.8993	1477010452850000	-6.3614	2.8999	-0.0628	-0.9980
R	6.7677	2.7544	-0.5912	1477010453250000	-6.3582	2.5002	0.0628	-0.9980
L	-6.5054	2.1508	1477010453650000	-6.3050	2.1040	0.1874	-0.9823
R	6.6049	2.8570	-0.5114	1477010454050000	-6.2026	1.7176	0.3090	-0.9511
L	-6.0536	1.5611	1477010454450000	-6.0525	1.3471	0.4258	-0.9048
R	5.8755	2.9863	-0.9052	1477010454850000	-5.8572	0.9983	0.5358	-0.8443
L	-5.4618	0.7559	1477010455250000	-5.6197	0.6768	0.6374	-0.7705
R	5.8105	3.0008	-0.2616	1477010455650000	-5.3438	0.3876	0.7290	-0.6846
L	-4.8359	0.1463	1477010456050000	-5.0338	0.1352	0.8090	-0.5878
R	4.8166	-3.1136	-1.1685	1477010456450000	-4.6946	-0.0764	0.8763	-0.4818
L	-4.4152	-0.1566	1477010456850000	-4.3316	-0.2437	0.9298	-0.3681
R	3.8242	-3.0304	-0.8781	1477010457250000	-3.9504	-0.3642	0.9686	-0.2487
L	-3.6775	-0.2978	1477010457650000	-3.5572	-0.4361	0.9921	-0.1254
R	3.4594	-3.0167	-1.3525	1477010458050000	-3.1580	-0.4580	1.0000	0.0000
L	-2.7553	-0.4661	1477010458450000	-2.7593	-0.4298	0.9921	0.1253
R	2.3458	-2.9804	-1.4547	1477010458850000	-2.3672	-0.3518	0.9686	0.2487
L	-2.1920	-0.1977	1477010459250000	-1.9880	-0.2253	0.9298	0.3681
R	1.9702	-3.0714	-0.5646	1477010459650000	-1.6277	-0.0523	0.8763	0.4817
L	-1.1519	0.2408	1477010460050000	-1.2919	0.1646	0.8090	0.5878
R	1.0233	2.7697	0.0624	1477010460450000	-0.9859	0.4218	0.7290	0.6845
L	-0.5140	0.7750	1477010460850000	-0.7145	0.7153	0.6374	0.7705
R	0.9565	2.0130	0.4847	1477010461250000	-0.4821	1.0406	0.5359	0.8443
L	-0.3145	1.2743	1477010461650000	-0.2923	1.3923	0.4258	0.9048
R	1.6980	1.6225	1.2502	1477010462050000	-0.1481	1.7652	0.3090	0.9510
L	0.0413	2.2307	1477010462450000	-0.0517	2.1531	0.1874	0.9823
R	1.9993	1.6054	1.1344	1477010462850000	-0.0047	2.5501	0.0628	0.9980
L	0.1695	3.1358	1477010463250000	0.0016	2.9500	0.0314	0.9995
R	3.1381	1.5559	0.6572	1477010463650000	0.0423	3.3476	0.1565	0.9877
L	-0.1208	3.8964	1477010464050000	0.1326	3.7370	0.2790	0.9603
R	3.8434	1.4594	0.4036	1477010464450000	0.2709	4.1121	0.3972	0.9177
L	0.5399	4.3995	1477010464850000	0.4552	4.4668	0.5091	0.8607
R	4.9185	1.4322	0.3648	1477010465250000	0.6825	4.7956	0.6129	0.7901
L	1.0869	5.1004	1477010465650000	0.9492	5.0934	0.7071	0.7071
R	5.0018	1.2807	0.9405	1477010466050000	1.2511	5.3554	0.7902	0.6129
L	1.7709	5.6435	1477010466450000	1.5835	5.5775	0.8608	0.5090
R	5.6612	1.2614	0.8628	1477010466850000	1.9411	5.7562	0.9178	0.3971
L	2.5338	5.9169	1477010467250000	2.3182	5.8886	0.9603	0.2790
R	6.6555	1.1362	0.6130	1477010467650000	2.7090	5.9727	0.9877	0.1564
L	2.9370	5.8634	1477010468050000	3.1073	6.0072	0.9995	0.0314
R	6.8804	1.0210	0.3739	1477010468450000	3.5067	5.9915	0.9956	-0.0941
L	3.9471	5.7948	1477010468850000	3.9010	5.9259	0.9759	-0.2182
R	7.3119	0.9665	-0.1090	1477010469250000	4.2840	5.8114	0.9409	-0.3388
L	4.6719	5.5881	1477010469650000	4.6496	5.6497	0.8910	-0.4540
R	7.1957	0.7700	0.1915	1477010470050000	4.9921	5.4436	0.8271	-0.5621
L	5.4020	5.1455	1477010470450000	5.3060	5.1961	0.7501	-0.6613
R	7.0072	0.7524	0.2552	1477010470850000	5.5864	4.9112	0.6613	-0.7501
L	5.9571	4.4131	1477010471250000	5.8289	4.5934	0.5621	-0.8271
R	7.3577	0.6187	-0.0087	1477010471650000	6.0297	4.2478	0.4540	-0.8910
L	6.0405	4.1169	1477010472050000	6.1856	3.8797	0.3387	-0.9409
R	7.2938	0.4783	0.1563	1477010472450000	6.2941	3.4949	0.2181	-0.9759
L	6.3203	3.1164	1477010472850000	6.3535	3.0996	0.0941	-0.9956
R	7.1606	0.3941	-0.5922	1477010473250000	6.3629	2.7000	-0.0314	-0.9995
L	6.2473	2.2723	1477010473650000	6.3222	2.3024	-0.1564	-0.9877
R	6.2463	0.2876	-0.4614	1477010474050000	6.2319	1.9129	-0.2790	-0.9603
L	5.9053	1.5816	1477010474450000	6.0936	1.5379	-0.3972	-0.9177
R	5.5165	0.1681	-1.3172	1477010474850000	5.9093	1.1832	-0.5091	-0.8607
L	5.5272	0.9272	1477010475250000	5.6820	0.8543	-0.6129	-0.7901
R	5.9175	0.0995	-1.0799	1477010475650000	5.4153	0.5566	-0.7071	-0.7071
L	5.4202	0.2882	1477010476050000	5.1134	0.2946	-0.7902	-0.6129
R	5.1685	0.0255	-0.9722	1477010476450000	4.7810	0.0725	-0.8607	-0.5090
L	4.5080	0.0596	1477010476850000	4.4234	-0.1062	-0.9178	-0.3971
R	3.8288	-0.0519	-1.0112	1477010477250000	4.0463	-0.2386	-0.9603	-0.2790
L	3.3333	-0.4281	1477010477650000	3.6555	-0.3228	-0.9877	-0.1564
R	3.5194	-0.1124	-0.9157	1477010478050000	3.2572	-0.3573	-0.9995	-0.0314
L	3.0362	-0.4038	1477010478450000	2.8578	-0.3416	-0.9956	0.0941
R	3.0444	-0.1134	-1.1770	1477010478850000	2.4635	-0.2759	-0.9759	0.2181
L	2.1297	-0.1882	1477010479250000	2.0805	-0.1614	-0.9409	0.3387
R	2.0386	0.0116	-0.7523	1477010479650000	1.7149	0.0002	-0.8910	0.4540
L	1.4438	0.2332	1477010480050000	1.3724	0.2064	-0.8271	0.5621
R	0.8836	0.4415	-0.7744	1477010480450000	1.0585	0.4539	-0.7501	0.6613
L	0.7699	0.5613	1477010480850000	0.7781	0.7388	-0.6613	0.7501
R	0.9077	1.1444	0.8100	1477010481250000	0.5356	1.0565	-0.5621	0.8271
L	0.1595	1.0513	1477010481650000	0.3348	1.4022	-0.4540	0.8910
R	1.7380	1.4632	1.1538	1477010482050000	0.1789	1.7703	-0.3387	0.9409
L	0.2137	2.3029	1477010482450000	0.0704	2.1550	-0.2181	0.9759
R	2.2262	1.5631	1.5849	1477010482850000	0.0110	2.5503	-0.0941	0.9956
